$R$,HF,CCD,CCD(HF)
1,3.2533141373155003,3.2533141373155003,3.2533141373155003
2,3.2533141373155003,3.1523287299834157,3.1523287299834157
3,3.1626913498656397,3.1418283231419504,3.039049460114521
4,3.162691349865639,3.118683819768789,3.025277464714748
5,3.1619214017255644,3.110972059828695,3.017945833783529
6,3.1619214017255644,3.103342992112728,3.0139244933953377
7,3.161909010218984,3.099330418292027,3.0114075743286435
8,3.161909010218982,3.0959254623683568,3.009623579415067
9,3.161908943210353,3.0936628602659884,3.0083506964087405
10,3.161908943210353,3.091817864667158,3.007365519300657
11,3.1619086087918697,3.090437780027103,3.0065988001526467
12,3.16190860879187,3.089301668694134,3.005979461676826
